Units: mm
CylindricalCutter_Position: 0 0 0
CylindricalCutter_Radius: 700
CylindricalCutter_Height: 2200
Object_Transformation_Matrix: -0.23466463375665658 -0.21776406633579978 -0.9473707410917576 1595.7989563512801 0.010509310688727088 0.9739593661127324 -0.22647893400960584 1068.2193555886436 0.9720195800768101 -0.06310280955850608 -0.22626526771274655 -140.71174354147922 0.0 0.0 0.0 1.0
Quaternion_Rotation: -0.06641 0.78021 -0.09279 -0.61503
Post_Translation: 1595.799 1068.219 -140.712
Post_Scale: 1
Cutplane_Matrix: 1 0 0 0 0 1 0 0 0 0 1 0 0 0 0 1
